LA
 13,19,39,37,5,7,4,30,18,2,21,20,14,43,15,10,36,47,46,40,35,34,8,45,42,32,31,28,24,12,9,44,38,29,26,23,17,11,33,16,6,25,3
LADO
 16
LAS
 12,7,4,18,11,5,2,44,42,39,38,35,34,33,32,29,28,23,22,20,19,9,8,6,47,46,40,37,17,14,13,10
LE
 47,19,4
LEER
 11
LFE
 15
LIMITANTES
 11,7,5
LIMPIAR
 36,12
LIMPIARÁ
 7
LISTA
 44,38,33,29,6,4
LISTADO
 42,31,4,44,38,36,33,28,24,12,46,40,35,29,8,25,21,9,7,2,45,43,39,37,34,32,30,19,14,11,10,6,5
LISTAS
 15
LISTO
 20
LLEGARA
 47
LO
 42,39,37,36,31,28
LOGO
 26
LOGUEADO
 44,38,33,29,6
LOS
 4,15,36,12,47,32,19,34,31,24,39,37,7,45,44,43,42,41,38,33,29,28,25,6,2,30,27,18,10,9,8,5,46,40,35,26,22,21,16,14,13,11,3
LUEGO
 24,20,16,7
LÍNEA
 4
