S
 15
S/N
 15
SALUD
 7,5
SE
 7,39,37,2,5,32,34,30,47,4,45,43,13,15,12,36,24,19,9,46,40,35,28,18,10,44,42,41,38,33,31,25,17,16,11,8,6,29,27,21,26,22,20,14,3
SEA
 42,36,31,28,19,47,35,23,20,15,9,8
SECCIONES
 13
SECCIÓN
 13,34,32,26,24,3
SECTOR
 41,27
SEGUIMIENTO
 20
SEGURIDAD
 7,5
SEGÚN
 34,32,11,4,2
SEIS
 2
SELECCIONADA
 30,45,19,44,38,29,25,4
SELECCIONADO
 34,39,7,9,35,33,32,24,19,8,6,47,46,44,40,38,29,25
SELECCIONADOS
 24,46,40,35,8,4
SELECCIONANDO
 47
SELECCIONAR
 46,40,39,37,35,8,7,47,44,42,38,36,33,32,31,29,28,24,22,15,13,12,9,6,5,4
SELECCIONARLO
 39,37
SELECCIÓN
 32,24,7,5,4
SELECTOR
 7,5,36,39,37,19,4,45,43,18,42,31,30,28,12
SELECTORES
 4
SER
 39,37,15,20,19,30,29,16,9,7,45,44,43,42,38,34,33,32,31,24,12,8,6,5,4
SERÁ
 42,39,37,36,31,28,4,12
SERÁN
 44,42,38,33,31,29,21,15,14,6,4
SERÍA
 11,7,5
SESIÓN
 4,39,37,7,5,2
SI
 7,5,47,39,37,19,15,4,25,20,18,17,16
SIDO
 25,45,43,42,39,37,36,31,30,28,24,4,2
SIEMPRE
 47,39,37,5
SIENDO
 35
SIGUIENTE
 19
SIGUIENTES
 19,36,13,12,45,43,42,39,37,34,32,31,30,28,21,15,10,7,5,4
SIN
 47,45,43,39,37,34,32,30,22,15,11,7
SISTEMA
 47,2,42,39,37,32,31,28,27,24,44,43,38,36,35,34,33,29,26,19,18,17,15,7,6,5,4,3,1
SISTEMAS
 27
SOBRE
 39,37,29,44,38,34,33,32,30,6,5,45,43,35,24,19,18,15,9,8,7,2,46,40,25,4,47,42,36,31,26,23,20,14,13,12,11,3
SOLICITADOS
 19,15,4
SOLICITARÁN
 18
SOLO
 46,40,36,35,34,32,30,19,18,15,9,8,5,47,45,44,43,39,38,37,33,29,25,24,12,11,6,2
SOLTARLA
 39,37
SOLUCIÓN
 13
SON
 44,38,33,32,27,18,14,10,6,2
SU
 39,37,19,17,4,2
SUBE
 16
SUBIDA
 39,37,16,15,13,7,5
SUBIDAS
 15
SUBIDO
 21,15
SUBIDOS
 25
SUBIR
 4,16,15,7,5
SUBIRSE
 15
SUBIRÁN
 4
SUCEDIENDO
 47
SUFRIDO
 4
SUPERIO
 39,30,7
SUPERIOR
 46,44,40,38,34,33,29,26,14,6
SUS
 12
SÓLO
 12
