UBICADO
 46,45,44,43,40,39,38,37,35,34,33,32,30,29,26,9,8,7,6,5
UBICARÁ
 24
ULTIMAS
 2
UN
 5,7,39,37,35,4,46,40,36,32,13,8,47,45,43,34,15,42,31,28,12,11,9,44,38,33,30,29,26,25,24,22,16,10,6,20,18
UNA
 39,37,20,15,32,4,47,19,34,18,14,12,7,2,46,45,44,43,40,38,36,33,29,24,17,9,6,5,42,35,31,30,28,25,23,22,10,8
UNO
 34,32,25,24,47,41,39,37,27,26,19,15,7,5,4,3
USO
 15,4
USUARIO
 39,37,36,5,4,19,47,20,7,2,45,43,15,12,10,46,44,42,40,38,35,33,32,31,29,27,26,25,24,23,22,21,18,14,13,11,8,6
USUARIOS
 47,36,12,46,40,19,9,4
UTILIZADA
 39,37
UTILIZADAS
 42
UTILIZADO
 39,37,35
UTILIZADOS
 36,31,12,4
UTILIZANDO
 11,4
UTILIZARÁN
 28
