TABLA
 2,18
TABLAS
 2
TAMBIÉN
 14,12,4,36,19,46,42,40,39,37,31,22,11
TANTO
 4
TAREA
 4
TECLADO
 11
TENDRÁ
 19,24,11,4
TENER
 7,39,37,5,45,43,34,32,30,24,22,15
TENGA
 11
TEXTO
 39,37,5,45,43,34,32,30,19,13,7,18
TIEMPO
 46,40,35,8
TIENE
 7,5
TIPO
 19,4,18,7,5,39,37,30,21,13,47,44,38,36,34,33,32,29,28,22,12,6
TIPOS
 22,7,5,4
TODA
 12,4,36,10
TODAS
 12,7,5,47,35,34,32,9,8,4
TODO
 45,43,39,37,34,32,7
TODOS
 47,45,43,39,37,34,32,15,7,44,38,33,30,29,25,24,9,6
TOMARA
 20
TOTAL
 23
TRAER
 4
TRANSVERSAL
 47,7,5
TRANSVERSALES
 4
TRANSVERSALIDAD
 4
TRAS
 39,37,34,32,7,45,43,30,15,5,46,40,36,26,25,24,23,20,19,18,14,13,12,11,10,9
TRES
 32
TUVIERA
 39,37
TÉCNICA
 7,5
